62.0
66.0
65.0
60.0
69.0
66.0
57.0
55.0
70.0
65.0
67.0
72.0
64.0
69.0
67.0
16.0
65.0
61.0
65.0
58.0
69.0
75.0
69.0
68.0
69.0
64.0
59.0
51.0
63.0
69.0
66.0
63.0
77.0
69.0
158.0
67.0
67.23
78.0
69.0
67.0
60.0
70.0
74.0
75.0
158.0
65.0
74.0
74.0
75.0
72.0
70.0
75.0
74.0
62.0
67.0
65.0
66.0
72.0
64.0
63.0
64.0
65.0
66.0
63.0
62.0
68.0
63.0
66.0
64.0
68.0
67.0
70.0
60.0
70.0
68.0
70.0
58.0
64.0
54.0
69.0
75.0
67.0
72.0
65.0
67.0
64.0
65.0
66.0
57.0
58.0
68.0
74.0
74.0
58.0
58.0
158.0
69.0
66.0
69.0
72.0
Average	68.72229999999999