67.0
75.0
70.0
68.0
70.0
69.0
66.0
55.0
70.0
65.0
72.0
62.0
65.0
62.0
69.0
64.0
67.0
65.0
69.0
70.0
68.0
58.0
60.0
63.0
67.0
75.0
67.0
58.0
70.0
74.0
69.0
58.0
67.0
66.0
69.0
75.0
65.0
67.0
70.0
67.0
75.0
75.0
74.0
78.0
67.0
67.0
70.0
65.0
69.0
69.0
60.0
59.0
70.0
66.0
16.0
75.0
72.0
60.0
71.0
69.0
71.0
66.0
64.0
59.0
72.0
64.0
62.0
59.0
60.0
62.0
63.0
77.0
58.0
65.0
65.0
62.0
67.0
66.0
72.0
65.0
70.0
66.0
70.0
66.0
74.0
63.0
62.0
69.0
67.0
58.0
59.0
62.0
67.0
66.0
66.0
61.0
55.0
69.0
57.0
72.0
Average	65.98