75.0
61.0
67.0
66.0
69.0
68.0
77.0
78.0
66.0
69.0
65.0
67.0
67.0
58.0
77.0
66.0
62.0
64.0
71.0
69.0
72.0
68.0
73.0
70.0
69.0
63.0
65.0
66.0
54.0
69.0
78.0
69.0
69.0
67.0
62.0
66.0
66.0
66.0
67.0
67.0
65.0
65.0
58.0
75.0
69.0
64.0
72.0
62.0
68.0
64.0
70.0
61.0
64.0
57.0
60.0
73.0
63.0
69.0
68.0
68.0
61.0
54.0
63.0
54.0
64.0
65.0
64.0
74.0
63.0
61.0
64.0
54.0
71.0
66.0
67.0
67.0
70.0
65.0
66.0
60.0
62.0
62.0
66.0
61.0
77.0
64.0
62.0
59.0
59.0
62.0
72.0
68.0
64.0
63.0
74.0
74.0
69.0
73.0
57.0
16.0
Average	65.6