66.0
71.0
71.0
72.0
72.0
62.0
68.0
64.0
69.0
75.0
60.0
54.0
69.0
75.0
158.0
69.0
69.0
55.0
69.0
69.0
51.0
62.0
75.0
63.0
62.0
67.0
71.0
65.0
158.0
77.0
70.0
68.0
72.0
70.0
69.0
72.0
75.0
70.0
16.0
59.0
69.0
62.0
61.0
67.0
62.0
62.0
68.0
72.0
54.0
66.0
69.0
64.0
77.0
65.0
67.23
62.0
70.0
16.0
72.0
69.0
63.0
59.0
68.0
66.0
54.0
78.0
66.0
66.0
66.0
72.0
62.0
62.0
158.0
62.0
66.0
69.0
75.0
62.0
67.0
70.0
65.0
75.0
61.0
58.0
62.0
62.0
66.0
60.0
67.0
62.0
72.0
66.0
63.0
61.0
62.0
58.0
69.0
64.0
66.0
67.0
Average	68.00229999999999