65.0
57.0
65.0
70.0
66.0
61.0
66.0
66.0
75.0
77.0
62.0
67.0
16.0
54.0
60.0
67.0
75.0
72.0
72.0
72.0
64.0
67.0
69.0
67.0
51.0
77.0
58.0
64.0
58.0
62.0
69.0
70.0
158.0
75.0
62.0
58.0
74.0
63.0
65.0
69.0
57.0
72.0
68.0
77.0
75.0
65.0
66.0
68.0
66.0
66.0
70.0
62.0
60.0
77.0
67.0
70.0
63.0
68.0
75.0
62.0
65.0
69.0
72.0
67.0
73.0
69.0
60.0
61.0
75.0
67.0
67.0
62.0
75.0
54.0
60.0
72.0
64.0
64.0
67.0
67.0
62.0
70.0
62.0
66.0
64.0
64.0
67.0
66.0
65.0
75.0
66.0
67.0
75.0
51.0
69.0
68.0
68.0
66.0
55.0
62.0
Average	66.77